0.423 3.3
-0.999 2.053
-0.016 2.915
-0.893 2.146
-0.048 2.886
0.081 3.0
0.23 3.13
-0.101 2.841
-2.063 1.121
-0.513 2.479
0.153 3.063
-0.122 2.822
-0.771 2.253
-0.115 2.828
2.243 4.894
0.912 3.728
-1.477 1.635
-1.387 1.714
-1.658 1.476
-0.163 2.786
-0.125 2.819
-0.754 2.268
0.602 3.456
-1.249 1.834
0.27 3.166
-0.254 2.706
0.715 3.555
-0.661 2.349
-0.115 2.827
0.308 3.198
-1.246 1.837
-1.902 1.262
0.529 3.392
-0.18 2.771
-0.97 2.079
-0.677 2.336
-1.354 1.742
-1.879 1.283
-1.381 1.718
1.252 4.026
-0.194 2.758
2.809 5.39
1.21 3.989
-1.143 1.927
-1.528 1.589
-0.814 2.215
-0.178 2.772
0.143 3.054
-0.626 2.38
-0.272 2.69
